2017-01-24 19:20:39 INFO::Begin Testing Return Val
2017-01-24 19:20:39 INFO::Winning Door: 3
2017-01-24 19:20:39 INFO::Selected Door: 2
2017-01-24 19:20:39 INFO::Opened doors: 1
2017-01-24 19:20:39 INFO::Player switched to door: 3
2017-01-24 19:20:39 INFO::The player won!
2017-01-24 19:20:39 INFO::Winning Door: 3
2017-01-24 19:20:39 INFO::Selected Door: 2
2017-01-24 19:20:39 INFO::Opened doors: 1
2017-01-24 19:20:39 INFO::Player switched to door: 3
2017-01-24 19:20:39 INFO::The player won!
2017-01-24 19:20:39 INFO::End Testing Return Val
2017-01-24 19:20:39 INFO::--------------------
2017-01-24 19:20:39 INFO::Number of doors: 3
2017-01-24 19:20:39 INFO::Doors left after opening: 2
2017-01-24 19:20:39 INFO::Begin Testing Door numbers
2017-01-24 19:20:39 INFO::End Testing Door Numbers
2017-01-24 19:20:39 INFO::--------------------
2017-01-24 19:20:39 INFO::Winning Door: 2
2017-01-24 19:20:39 INFO::Selected Door: 3
2017-01-24 19:20:39 INFO::Opened doors: 1
2017-01-24 19:20:39 INFO::The player lost.
2017-01-24 19:20:39 INFO::Winning Door: 3
2017-01-24 19:20:39 INFO::Selected Door: 1
2017-01-24 19:20:39 INFO::Opened doors: 2
2017-01-24 19:20:39 INFO::The player lost.
2017-01-24 19:20:39 INFO::Winning Door: 3
2017-01-24 19:20:39 INFO::Selected Door: 3
2017-01-24 19:20:39 INFO::Opened doors: 2
2017-01-24 19:20:39 INFO::The player won!
2017-01-24 19:20:39 INFO::Winning Door: 2
2017-01-24 19:20:39 INFO::Selected Door: 1
2017-01-24 19:20:39 INFO::Opened doors: 3
2017-01-24 19:20:39 INFO::The player lost.
2017-01-24 19:20:39 INFO::Winning Door: 1
2017-01-24 19:20:39 INFO::Selected Door: 3
2017-01-24 19:20:39 INFO::Opened doors: 2
2017-01-24 19:20:39 INFO::The player lost.
2017-01-24 19:20:39 INFO::Winning Door: 2
2017-01-24 19:20:39 INFO::Selected Door: 2
2017-01-24 19:20:39 INFO::Opened doors: 1
2017-01-24 19:20:39 INFO::The player won!
2017-01-24 19:20:39 INFO::Winning Door: 3
2017-01-24 19:20:39 INFO::Selected Door: 2
2017-01-24 19:20:39 INFO::Opened doors: 1
2017-01-24 19:20:39 INFO::The player lost.
2017-01-24 19:20:39 INFO::Winning Door: 2
2017-01-24 19:20:39 INFO::Selected Door: 1
2017-01-24 19:20:39 INFO::Opened doors: 3
2017-01-24 19:20:39 INFO::The player lost.
2017-01-24 19:20:39 INFO::Winning Door: 3
2017-01-24 19:20:39 INFO::Selected Door: 3
2017-01-24 19:20:39 INFO::Opened doors: 1
2017-01-24 19:20:39 INFO::The player won!
2017-01-24 19:20:39 INFO::Winning Door: 2
2017-01-24 19:20:39 INFO::Selected Door: 2
2017-01-24 19:20:39 INFO::Opened doors: 1
2017-01-24 19:20:39 INFO::The player won!
2017-01-24 19:20:39 INFO::Winning Door: 1
2017-01-24 19:20:39 INFO::Selected Door: 2
2017-01-24 19:20:39 INFO::Opened doors: 3
2017-01-24 19:20:39 INFO::The player lost.
2017-01-24 19:20:39 INFO::Winning Door: 1
2017-01-24 19:20:39 INFO::Selected Door: 3
2017-01-24 19:20:39 INFO::Opened doors: 2
2017-01-24 19:20:39 INFO::The player lost.
2017-01-24 19:20:39 INFO::Winning Door: 3
2017-01-24 19:20:39 INFO::Selected Door: 1
2017-01-24 19:20:39 INFO::Opened doors: 2
2017-01-24 19:20:39 INFO::The player lost.
2017-01-24 19:20:39 INFO::Winning Door: 3
2017-01-24 19:20:39 INFO::Selected Door: 3
2017-01-24 19:20:39 INFO::Opened doors: 2
2017-01-24 19:20:39 INFO::The player won!
2017-01-24 19:20:39 INFO::Winning Door: 1
2017-01-24 19:20:39 INFO::Selected Door: 3
2017-01-24 19:20:39 INFO::Opened doors: 2
2017-01-24 19:20:39 INFO::The player lost.
2017-01-24 19:20:39 INFO::Winning Door: 2
2017-01-24 19:20:39 INFO::Selected Door: 2
2017-01-24 19:20:39 INFO::Opened doors: 3
2017-01-24 19:20:39 INFO::The player won!
2017-01-24 19:20:39 INFO::Winning Door: 2
2017-01-24 19:20:39 INFO::Selected Door: 3
2017-01-24 19:20:39 INFO::Opened doors: 1
2017-01-24 19:20:39 INFO::The player lost.
2017-01-24 19:20:39 INFO::Winning Door: 3
2017-01-24 19:20:39 INFO::Selected Door: 1
2017-01-24 19:20:39 INFO::Opened doors: 2
2017-01-24 19:20:39 INFO::The player lost.
2017-01-24 19:20:39 INFO::Winning Door: 3
2017-01-24 19:20:39 INFO::Selected Door: 3
2017-01-24 19:20:39 INFO::Opened doors: 1
2017-01-24 19:20:39 INFO::The player won!
2017-01-24 19:20:39 INFO::Winning Door: 2
2017-01-24 19:20:39 INFO::Selected Door: 1
2017-01-24 19:20:39 INFO::Opened doors: 3
2017-01-24 19:20:39 INFO::The player lost.
2017-01-24 19:20:39 INFO::Winning Door: 1
2017-01-24 19:20:39 INFO::Selected Door: 2
2017-01-24 19:20:39 INFO::Opened doors: 3
2017-01-24 19:20:39 INFO::The player lost.
2017-01-24 19:20:39 INFO::Winning Door: 2
2017-01-24 19:20:39 INFO::Selected Door: 1
2017-01-24 19:20:39 INFO::Opened doors: 3
2017-01-24 19:20:39 INFO::The player lost.
2017-01-24 19:20:39 INFO::Winning Door: 3
2017-01-24 19:20:39 INFO::Selected Door: 2
2017-01-24 19:20:39 INFO::Opened doors: 1
2017-01-24 19:20:39 INFO::The player lost.
2017-01-24 19:20:39 INFO::Winning Door: 3
2017-01-24 19:20:39 INFO::Selected Door: 1
2017-01-24 19:20:39 INFO::Opened doors: 2
2017-01-24 19:20:39 INFO::The player lost.
2017-01-24 19:20:39 INFO::Winning Door: 3
2017-01-24 19:20:39 INFO::Selected Door: 2
2017-01-24 19:20:39 INFO::Opened doors: 1
2017-01-24 19:20:39 INFO::The player lost.
2017-01-24 19:20:39 INFO::Winning Door: 3
2017-01-24 19:20:39 INFO::Selected Door: 3
2017-01-24 19:20:39 INFO::Opened doors: 1
2017-01-24 19:20:39 INFO::The player won!
2017-01-24 19:20:39 INFO::Winning Door: 1
2017-01-24 19:20:39 INFO::Selected Door: 1
2017-01-24 19:20:39 INFO::Opened doors: 3
2017-01-24 19:20:39 INFO::The player won!
2017-01-24 19:20:39 INFO::Winning Door: 2
2017-01-24 19:20:39 INFO::Selected Door: 2
2017-01-24 19:20:39 INFO::Opened doors: 3
2017-01-24 19:20:39 INFO::The player won!
2017-01-24 19:20:39 INFO::Winning Door: 2
2017-01-24 19:20:39 INFO::Selected Door: 1
2017-01-24 19:20:39 INFO::Opened doors: 3
2017-01-24 19:20:39 INFO::The player lost.
2017-01-24 19:20:39 INFO::Winning Door: 2
2017-01-24 19:20:39 INFO::Selected Door: 1
2017-01-24 19:20:39 INFO::Opened doors: 3
2017-01-24 19:20:39 INFO::The player lost.
2017-01-24 19:20:39 INFO::Winning Door: 2
2017-01-24 19:20:39 INFO::Selected Door: 2
2017-01-24 19:20:39 INFO::Opened doors: 3
2017-01-24 19:20:39 INFO::The player won!
2017-01-24 19:20:39 INFO::Winning Door: 1
2017-01-24 19:20:39 INFO::Selected Door: 3
2017-01-24 19:20:39 INFO::Opened doors: 2
2017-01-24 19:20:39 INFO::The player lost.
2017-01-24 19:20:39 INFO::Winning Door: 2
2017-01-24 19:20:39 INFO::Selected Door: 2
2017-01-24 19:20:39 INFO::Opened doors: 3
2017-01-24 19:20:39 INFO::The player won!
2017-01-24 19:20:39 INFO::Winning Door: 2
2017-01-24 19:20:39 INFO::Selected Door: 2
2017-01-24 19:20:39 INFO::Opened doors: 3
2017-01-24 19:20:39 INFO::The player won!
2017-01-24 19:20:39 INFO::Winning Door: 3
2017-01-24 19:20:39 INFO::Selected Door: 1
2017-01-24 19:20:39 INFO::Opened doors: 2
2017-01-24 19:20:39 INFO::The player lost.
2017-01-24 19:20:39 INFO::Winning Door: 1
2017-01-24 19:20:39 INFO::Selected Door: 3
2017-01-24 19:20:39 INFO::Opened doors: 2
2017-01-24 19:20:39 INFO::The player lost.
2017-01-24 19:20:39 INFO::Winning Door: 1
2017-01-24 19:20:39 INFO::Selected Door: 2
2017-01-24 19:20:39 INFO::Opened doors: 3
2017-01-24 19:20:39 INFO::The player lost.
2017-01-24 19:20:39 INFO::Winning Door: 2
2017-01-24 19:20:39 INFO::Selected Door: 2
2017-01-24 19:20:39 INFO::Opened doors: 1
2017-01-24 19:20:39 INFO::The player won!
2017-01-24 19:20:39 INFO::Winning Door: 2
2017-01-24 19:20:39 INFO::Selected Door: 1
2017-01-24 19:20:39 INFO::Opened doors: 3
2017-01-24 19:20:39 INFO::The player lost.
2017-01-24 19:20:39 INFO::Winning Door: 1
2017-01-24 19:20:39 INFO::Selected Door: 2
2017-01-24 19:20:39 INFO::Opened doors: 3
2017-01-24 19:20:39 INFO::The player lost.
2017-01-24 19:20:39 INFO::Winning Door: 1
2017-01-24 19:20:39 INFO::Selected Door: 2
2017-01-24 19:20:39 INFO::Opened doors: 3
2017-01-24 19:20:39 INFO::The player lost.
2017-01-24 19:20:39 INFO::Winning Door: 1
2017-01-24 19:20:39 INFO::Selected Door: 1
2017-01-24 19:20:39 INFO::Opened doors: 3
2017-01-24 19:20:39 INFO::The player won!
2017-01-24 19:20:39 INFO::Winning Door: 3
2017-01-24 19:20:39 INFO::Selected Door: 1
2017-01-24 19:20:39 INFO::Opened doors: 2
2017-01-24 19:20:39 INFO::The player lost.
2017-01-24 19:20:39 INFO::Winning Door: 2
2017-01-24 19:20:39 INFO::Selected Door: 1
2017-01-24 19:20:39 INFO::Opened doors: 3
2017-01-24 19:20:39 INFO::The player lost.
2017-01-24 19:20:39 INFO::Winning Door: 2
2017-01-24 19:20:39 INFO::Selected Door: 3
2017-01-24 19:20:39 INFO::Opened doors: 1
2017-01-24 19:20:39 INFO::The player lost.
2017-01-24 19:20:39 INFO::Winning Door: 2
2017-01-24 19:20:39 INFO::Selected Door: 2
2017-01-24 19:20:39 INFO::Opened doors: 1
2017-01-24 19:20:39 INFO::The player won!
2017-01-24 19:20:39 INFO::Winning Door: 2
2017-01-24 19:20:39 INFO::Selected Door: 3
2017-01-24 19:20:39 INFO::Opened doors: 1
2017-01-24 19:20:39 INFO::The player lost.
2017-01-24 19:20:39 INFO::Winning Door: 2
2017-01-24 19:20:39 INFO::Selected Door: 2
2017-01-24 19:20:39 INFO::Opened doors: 3
2017-01-24 19:20:39 INFO::The player won!
2017-01-24 19:20:39 INFO::Winning Door: 3
2017-01-24 19:20:39 INFO::Selected Door: 1
2017-01-24 19:20:39 INFO::Opened doors: 2
2017-01-24 19:20:39 INFO::The player lost.
2017-01-24 19:20:39 INFO::Winning Door: 2
2017-01-24 19:20:39 INFO::Selected Door: 1
2017-01-24 19:20:39 INFO::Opened doors: 3
2017-01-24 19:20:39 INFO::The player lost.
2017-01-24 19:20:39 INFO::Winning Door: 2
2017-01-24 19:20:39 INFO::Selected Door: 2
2017-01-24 19:20:39 INFO::Opened doors: 3
2017-01-24 19:20:39 INFO::The player won!
2017-01-24 19:20:39 INFO::Winning Door: 3
2017-01-24 19:20:39 INFO::Selected Door: 1
2017-01-24 19:20:39 INFO::Opened doors: 2
2017-01-24 19:20:39 INFO::The player lost.
2017-01-24 19:20:39 INFO::Winning Door: 1
2017-01-24 19:20:39 INFO::Selected Door: 2
2017-01-24 19:20:39 INFO::Opened doors: 3
2017-01-24 19:20:39 INFO::The player lost.
2017-01-24 19:20:39 INFO::Winning Door: 2
2017-01-24 19:20:39 INFO::Selected Door: 1
2017-01-24 19:20:39 INFO::Opened doors: 3
2017-01-24 19:20:39 INFO::The player lost.
2017-01-24 19:20:39 INFO::Winning Door: 3
2017-01-24 19:20:39 INFO::Selected Door: 2
2017-01-24 19:20:39 INFO::Opened doors: 1
2017-01-24 19:20:39 INFO::The player lost.
2017-01-24 19:20:39 INFO::Winning Door: 3
2017-01-24 19:20:39 INFO::Selected Door: 2
2017-01-24 19:20:39 INFO::Opened doors: 1
2017-01-24 19:20:39 INFO::The player lost.
2017-01-24 19:20:39 INFO::Winning Door: 1
2017-01-24 19:20:39 INFO::Selected Door: 1
2017-01-24 19:20:39 INFO::Opened doors: 2
2017-01-24 19:20:39 INFO::The player won!
2017-01-24 19:20:39 INFO::Winning Door: 2
2017-01-24 19:20:39 INFO::Selected Door: 2
2017-01-24 19:20:39 INFO::Opened doors: 3
2017-01-24 19:20:39 INFO::The player won!
2017-01-24 19:20:39 INFO::Winning Door: 1
2017-01-24 19:20:39 INFO::Selected Door: 2
2017-01-24 19:20:39 INFO::Opened doors: 3
2017-01-24 19:20:39 INFO::The player lost.
2017-01-24 19:20:39 INFO::Winning Door: 1
2017-01-24 19:20:39 INFO::Selected Door: 3
2017-01-24 19:20:39 INFO::Opened doors: 2
2017-01-24 19:20:39 INFO::The player lost.
2017-01-24 19:20:39 INFO::Winning Door: 3
2017-01-24 19:20:39 INFO::Selected Door: 2
2017-01-24 19:20:39 INFO::Opened doors: 1
2017-01-24 19:20:39 INFO::The player lost.
2017-01-24 19:20:39 INFO::Winning Door: 2
2017-01-24 19:20:39 INFO::Selected Door: 2
2017-01-24 19:20:39 INFO::Opened doors: 3
2017-01-24 19:20:39 INFO::The player won!
2017-01-24 19:20:39 INFO::Winning Door: 3
2017-01-24 19:20:39 INFO::Selected Door: 1
2017-01-24 19:20:39 INFO::Opened doors: 2
2017-01-24 19:20:39 INFO::The player lost.
2017-01-24 19:20:39 INFO::Winning Door: 1
2017-01-24 19:20:39 INFO::Selected Door: 2
2017-01-24 19:20:39 INFO::Opened doors: 3
2017-01-24 19:20:39 INFO::The player lost.
2017-01-24 19:20:39 INFO::Winning Door: 2
2017-01-24 19:20:39 INFO::Selected Door: 1
2017-01-24 19:20:39 INFO::Opened doors: 3
2017-01-24 19:20:39 INFO::The player lost.
2017-01-24 19:20:39 INFO::Winning Door: 3
2017-01-24 19:20:39 INFO::Selected Door: 1
2017-01-24 19:20:39 INFO::Opened doors: 2
2017-01-24 19:20:39 INFO::The player lost.
2017-01-24 19:20:39 INFO::Winning Door: 1
2017-01-24 19:20:39 INFO::Selected Door: 3
2017-01-24 19:20:39 INFO::Opened doors: 2
2017-01-24 19:20:39 INFO::The player lost.
2017-01-24 19:20:39 INFO::Winning Door: 1
2017-01-24 19:20:39 INFO::Selected Door: 3
2017-01-24 19:20:39 INFO::Opened doors: 2
2017-01-24 19:20:39 INFO::The player lost.
2017-01-24 19:20:39 INFO::Winning Door: 2
2017-01-24 19:20:39 INFO::Selected Door: 1
2017-01-24 19:20:39 INFO::Opened doors: 3
2017-01-24 19:20:39 INFO::The player lost.
2017-01-24 19:20:39 INFO::Winning Door: 1
2017-01-24 19:20:39 INFO::Selected Door: 1
2017-01-24 19:20:39 INFO::Opened doors: 2
2017-01-24 19:20:39 INFO::The player won!
2017-01-24 19:20:39 INFO::Winning Door: 3
2017-01-24 19:20:39 INFO::Selected Door: 2
2017-01-24 19:20:39 INFO::Opened doors: 1
2017-01-24 19:20:39 INFO::The player lost.
2017-01-24 19:20:39 INFO::Winning Door: 1
2017-01-24 19:20:39 INFO::Selected Door: 2
2017-01-24 19:20:39 INFO::Opened doors: 3
2017-01-24 19:20:39 INFO::The player lost.
2017-01-24 19:20:39 INFO::Winning Door: 2
2017-01-24 19:20:39 INFO::Selected Door: 3
2017-01-24 19:20:39 INFO::Opened doors: 1
2017-01-24 19:20:39 INFO::The player lost.
2017-01-24 19:20:39 INFO::Winning Door: 3
2017-01-24 19:20:39 INFO::Selected Door: 1
2017-01-24 19:20:39 INFO::Opened doors: 2
2017-01-24 19:20:39 INFO::The player lost.
2017-01-24 19:20:39 INFO::Winning Door: 3
2017-01-24 19:20:39 INFO::Selected Door: 3
2017-01-24 19:20:39 INFO::Opened doors: 1
2017-01-24 19:20:39 INFO::The player won!
2017-01-24 19:20:39 INFO::Winning Door: 1
2017-01-24 19:20:39 INFO::Selected Door: 3
2017-01-24 19:20:39 INFO::Opened doors: 2
2017-01-24 19:20:39 INFO::The player lost.
2017-01-24 19:20:39 INFO::Winning Door: 3
2017-01-24 19:20:39 INFO::Selected Door: 1
2017-01-24 19:20:39 INFO::Opened doors: 2
2017-01-24 19:20:39 INFO::The player lost.
2017-01-24 19:20:39 INFO::Winning Door: 2
2017-01-24 19:20:39 INFO::Selected Door: 2
2017-01-24 19:20:39 INFO::Opened doors: 1
2017-01-24 19:20:39 INFO::The player won!
2017-01-24 19:20:39 INFO::Winning Door: 2
2017-01-24 19:20:39 INFO::Selected Door: 2
2017-01-24 19:20:39 INFO::Opened doors: 1
2017-01-24 19:20:39 INFO::The player won!
2017-01-24 19:20:39 INFO::Winning Door: 3
2017-01-24 19:20:39 INFO::Selected Door: 3
2017-01-24 19:20:39 INFO::Opened doors: 1
2017-01-24 19:20:39 INFO::The player won!
2017-01-24 19:20:39 INFO::Winning Door: 1
2017-01-24 19:20:39 INFO::Selected Door: 2
2017-01-24 19:20:39 INFO::Opened doors: 3
2017-01-24 19:20:39 INFO::The player lost.
2017-01-24 19:20:39 INFO::Winning Door: 1
2017-01-24 19:20:39 INFO::Selected Door: 1
2017-01-24 19:20:39 INFO::Opened doors: 3
2017-01-24 19:20:39 INFO::The player won!
2017-01-24 19:20:39 INFO::Winning Door: 3
2017-01-24 19:20:39 INFO::Selected Door: 1
2017-01-24 19:20:39 INFO::Opened doors: 2
2017-01-24 19:20:39 INFO::The player lost.
2017-01-24 19:20:39 INFO::Winning Door: 3
2017-01-24 19:20:39 INFO::Selected Door: 1
2017-01-24 19:20:39 INFO::Opened doors: 2
2017-01-24 19:20:39 INFO::The player lost.
2017-01-24 19:20:39 INFO::Winning Door: 1
2017-01-24 19:20:39 INFO::Selected Door: 1
2017-01-24 19:20:39 INFO::Opened doors: 2
2017-01-24 19:20:39 INFO::The player won!
2017-01-24 19:20:39 INFO::Winning Door: 1
2017-01-24 19:20:39 INFO::Selected Door: 2
2017-01-24 19:20:39 INFO::Opened doors: 3
2017-01-24 19:20:39 INFO::The player lost.
2017-01-24 19:20:39 INFO::Winning Door: 1
2017-01-24 19:20:39 INFO::Selected Door: 1
2017-01-24 19:20:39 INFO::Opened doors: 2
2017-01-24 19:20:39 INFO::The player won!
2017-01-24 19:20:39 INFO::Winning Door: 1
2017-01-24 19:20:39 INFO::Selected Door: 2
2017-01-24 19:20:39 INFO::Opened doors: 3
2017-01-24 19:20:39 INFO::The player lost.
2017-01-24 19:20:39 INFO::Winning Door: 2
2017-01-24 19:20:39 INFO::Selected Door: 1
2017-01-24 19:20:39 INFO::Opened doors: 3
2017-01-24 19:20:39 INFO::The player lost.
2017-01-24 19:20:39 INFO::Winning Door: 1
2017-01-24 19:20:39 INFO::Selected Door: 2
2017-01-24 19:20:39 INFO::Opened doors: 3
2017-01-24 19:20:39 INFO::The player lost.
2017-01-24 19:20:39 INFO::Winning Door: 3
2017-01-24 19:20:39 INFO::Selected Door: 3
2017-01-24 19:20:39 INFO::Opened doors: 2
2017-01-24 19:20:39 INFO::The player won!
2017-01-24 19:20:39 INFO::Winning Door: 1
2017-01-24 19:20:39 INFO::Selected Door: 1
2017-01-24 19:20:39 INFO::Opened doors: 3
2017-01-24 19:20:39 INFO::The player won!
2017-01-24 19:20:39 INFO::Winning Door: 3
2017-01-24 19:20:39 INFO::Selected Door: 1
2017-01-24 19:20:39 INFO::Opened doors: 2
2017-01-24 19:20:39 INFO::The player lost.
2017-01-24 19:20:39 INFO::Winning Door: 3
2017-01-24 19:20:39 INFO::Selected Door: 2
2017-01-24 19:20:39 INFO::Opened doors: 1
2017-01-24 19:20:39 INFO::The player lost.
2017-01-24 19:20:39 INFO::Winning Door: 2
2017-01-24 19:20:39 INFO::Selected Door: 1
2017-01-24 19:20:39 INFO::Opened doors: 3
2017-01-24 19:20:39 INFO::The player lost.
2017-01-24 19:20:39 INFO::Winning Door: 1
2017-01-24 19:20:39 INFO::Selected Door: 3
2017-01-24 19:20:39 INFO::Opened doors: 2
2017-01-24 19:20:39 INFO::The player lost.
2017-01-24 19:20:39 INFO::Winning Door: 1
2017-01-24 19:20:39 INFO::Selected Door: 1
2017-01-24 19:20:39 INFO::Opened doors: 3
2017-01-24 19:20:39 INFO::The player won!
2017-01-24 19:20:39 INFO::Winning Door: 3
2017-01-24 19:20:39 INFO::Selected Door: 1
2017-01-24 19:20:39 INFO::Opened doors: 2
2017-01-24 19:20:39 INFO::The player lost.
2017-01-24 19:20:39 INFO::Winning Door: 1
2017-01-24 19:20:39 INFO::Selected Door: 2
2017-01-24 19:20:39 INFO::Opened doors: 3
2017-01-24 19:20:39 INFO::The player lost.
2017-01-24 19:20:39 INFO::Winning Door: 3
2017-01-24 19:20:39 INFO::Selected Door: 1
2017-01-24 19:20:39 INFO::Opened doors: 2
2017-01-24 19:20:39 INFO::The player lost.
2017-01-24 19:20:39 INFO::Winning Door: 3
2017-01-24 19:20:39 INFO::Selected Door: 1
2017-01-24 19:20:39 INFO::Opened doors: 2
2017-01-24 19:20:39 INFO::The player lost.
2017-01-24 19:20:39 INFO::Winning Door: 1
2017-01-24 19:20:39 INFO::Selected Door: 1
2017-01-24 19:20:39 INFO::Opened doors: 3
2017-01-24 19:20:39 INFO::The player won!
2017-01-24 19:20:39 INFO::Winning Door: 3
2017-01-24 19:20:39 INFO::Selected Door: 3
2017-01-24 19:20:39 INFO::Opened doors: 2
2017-01-24 19:20:39 INFO::The player won!
2017-01-24 19:20:39 INFO::Winning Door: 3
2017-01-24 19:20:39 INFO::Selected Door: 2
2017-01-24 19:20:39 INFO::Opened doors: 1
2017-01-24 19:20:39 INFO::The player lost.
2017-01-24 19:20:39 INFO::Winning Door: 2
2017-01-24 19:20:39 INFO::Selected Door: 3
2017-01-24 19:20:39 INFO::Opened doors: 1
2017-01-24 19:20:39 INFO::The player lost.
2017-01-24 19:20:39 INFO::Winning Door: 3
2017-01-24 19:20:39 INFO::Selected Door: 1
2017-01-24 19:20:39 INFO::Opened doors: 2
2017-01-24 19:20:39 INFO::The player lost.
2017-01-24 19:20:39 INFO::Winning Door: 3
2017-01-24 19:20:39 INFO::Selected Door: 3
2017-01-24 19:20:39 INFO::Opened doors: 1
2017-01-24 19:20:39 INFO::The player won!
2017-01-24 19:20:39 INFO::Winning Door: 1
2017-01-24 19:20:39 INFO::Selected Door: 3
2017-01-24 19:20:39 INFO::Opened doors: 2
2017-01-24 19:20:39 INFO::The player lost.
2017-01-24 19:20:39 INFO::Winning Door: 2
2017-01-24 19:20:39 INFO::Selected Door: 1
2017-01-24 19:20:39 INFO::Opened doors: 3
2017-01-24 19:20:39 INFO::The player lost.
2017-01-24 19:20:39 INFO::Winning Door: 2
2017-01-24 19:20:39 INFO::Selected Door: 3
2017-01-24 19:20:39 INFO::Opened doors: 1
2017-01-24 19:20:39 INFO::The player lost.
2017-01-24 19:20:39 INFO::Winning Door: 1
2017-01-24 19:20:39 INFO::Selected Door: 3
2017-01-24 19:20:39 INFO::Opened doors: 2
2017-01-24 19:20:39 INFO::The player lost.
2017-01-24 19:20:39 INFO::Winning Door: 3
2017-01-24 19:20:39 INFO::Selected Door: 1
2017-01-24 19:20:39 INFO::Opened doors: 2
2017-01-24 19:20:39 INFO::The player lost.
2017-01-24 19:20:39 INFO::Winning Door: 1
2017-01-24 19:20:39 INFO::Selected Door: 3
2017-01-24 19:20:39 INFO::Opened doors: 2
2017-01-24 19:20:39 INFO::The player lost.
2017-01-24 19:20:39 INFO::Winning Door: 2
2017-01-24 19:20:39 INFO::Selected Door: 2
2017-01-24 19:20:39 INFO::Opened doors: 1
2017-01-24 19:20:39 INFO::The player won!
2017-01-24 19:20:39 INFO::Winning Door: 3
2017-01-24 19:20:39 INFO::Selected Door: 1
2017-01-24 19:20:39 INFO::Opened doors: 2
2017-01-24 19:20:39 INFO::The player lost.
2017-01-24 19:20:39 INFO::Winning Door: 3
2017-01-24 19:20:39 INFO::Selected Door: 2
2017-01-24 19:20:39 INFO::Opened doors: 1
2017-01-24 19:20:39 INFO::The player lost.
2017-01-24 19:20:39 INFO::Winning Door: 3
2017-01-24 19:20:39 INFO::Selected Door: 1
2017-01-24 19:20:39 INFO::Opened doors: 2
2017-01-24 19:20:39 INFO::The player lost.
2017-01-24 19:20:39 INFO::Winning Door: 1
2017-01-24 19:20:39 INFO::Selected Door: 3
2017-01-24 19:20:39 INFO::Opened doors: 2
2017-01-24 19:20:39 INFO::The player lost.
2017-01-24 19:20:39 INFO::Winning Door: 2
2017-01-24 19:20:39 INFO::Selected Door: 3
2017-01-24 19:20:39 INFO::Opened doors: 1
2017-01-24 19:20:39 INFO::The player lost.
2017-01-24 19:20:39 INFO::Winning Door: 2
2017-01-24 19:20:39 INFO::Selected Door: 2
2017-01-24 19:20:39 INFO::Opened doors: 3
2017-01-24 19:20:39 INFO::The player won!
2017-01-24 19:20:39 INFO::Winning Door: 3
2017-01-24 19:20:39 INFO::Selected Door: 3
2017-01-24 19:20:39 INFO::Opened doors: 1
2017-01-24 19:20:39 INFO::The player won!
2017-01-24 19:20:39 INFO::Winning Door: 3
2017-01-24 19:20:39 INFO::Selected Door: 2
2017-01-24 19:20:39 INFO::Opened doors: 1
2017-01-24 19:20:39 INFO::The player lost.
2017-01-24 19:20:39 INFO::Winning Door: 2
2017-01-24 19:20:39 INFO::Selected Door: 2
2017-01-24 19:20:39 INFO::Opened doors: 1
2017-01-24 19:20:39 INFO::The player won!
2017-01-24 19:20:39 INFO::Winning Door: 2
2017-01-24 19:20:39 INFO::Selected Door: 2
2017-01-24 19:20:39 INFO::Opened doors: 1
2017-01-24 19:20:39 INFO::The player won!
2017-01-24 19:20:39 INFO::Winning Door: 3
2017-01-24 19:20:39 INFO::Selected Door: 1
2017-01-24 19:20:39 INFO::Opened doors: 2
2017-01-24 19:20:39 INFO::The player lost.
2017-01-24 19:20:39 INFO::Winning Door: 1
2017-01-24 19:20:39 INFO::Selected Door: 1
2017-01-24 19:20:39 INFO::Opened doors: 3
2017-01-24 19:20:39 INFO::The player won!
2017-01-24 19:20:39 INFO::Winning Door: 1
2017-01-24 19:20:39 INFO::Selected Door: 1
2017-01-24 19:20:39 INFO::Opened doors: 2
2017-01-24 19:20:39 INFO::The player won!
2017-01-24 19:20:39 INFO::Winning Door: 1
2017-01-24 19:20:39 INFO::Selected Door: 3
2017-01-24 19:20:39 INFO::Opened doors: 2
2017-01-24 19:20:39 INFO::The player lost.
2017-01-24 19:20:39 INFO::Winning Door: 3
2017-01-24 19:20:39 INFO::Selected Door: 3
2017-01-24 19:20:39 INFO::Opened doors: 2
2017-01-24 19:20:39 INFO::The player won!
2017-01-24 19:20:39 INFO::Winning Door: 3
2017-01-24 19:20:39 INFO::Selected Door: 2
2017-01-24 19:20:39 INFO::Opened doors: 1
2017-01-24 19:20:39 INFO::The player lost.
2017-01-24 19:20:39 INFO::Winning Door: 1
2017-01-24 19:20:39 INFO::Selected Door: 3
2017-01-24 19:20:39 INFO::Opened doors: 2
2017-01-24 19:20:39 INFO::The player lost.
2017-01-24 19:20:39 INFO::Winning Door: 1
2017-01-24 19:20:39 INFO::Selected Door: 2
2017-01-24 19:20:39 INFO::Opened doors: 3
2017-01-24 19:20:39 INFO::The player lost.
2017-01-24 19:20:39 INFO::Winning Door: 3
2017-01-24 19:20:39 INFO::Selected Door: 1
2017-01-24 19:20:39 INFO::Opened doors: 2
2017-01-24 19:20:39 INFO::The player lost.
2017-01-24 19:20:39 INFO::Winning Door: 1
2017-01-24 19:20:39 INFO::Selected Door: 1
2017-01-24 19:20:39 INFO::Opened doors: 2
2017-01-24 19:20:39 INFO::The player won!
2017-01-24 19:20:39 INFO::Winning Door: 1
2017-01-24 19:20:39 INFO::Selected Door: 3
2017-01-24 19:20:39 INFO::Opened doors: 2
2017-01-24 19:20:39 INFO::The player lost.
2017-01-24 19:20:39 INFO::Winning Door: 2
2017-01-24 19:20:39 INFO::Selected Door: 3
2017-01-24 19:20:39 INFO::Opened doors: 1
2017-01-24 19:20:39 INFO::The player lost.
2017-01-24 19:20:39 INFO::Winning Door: 2
2017-01-24 19:20:40 INFO::Selected Door: 2
2017-01-24 19:20:40 INFO::Opened doors: 1
2017-01-24 19:20:40 INFO::The player won!
2017-01-24 19:20:40 INFO::Winning Door: 3
2017-01-24 19:20:40 INFO::Selected Door: 1
2017-01-24 19:20:40 INFO::Opened doors: 2
2017-01-24 19:20:40 INFO::The player lost.
2017-01-24 19:20:40 INFO::Winning Door: 3
2017-01-24 19:20:40 INFO::Selected Door: 3
2017-01-24 19:20:40 INFO::Opened doors: 1
2017-01-24 19:20:40 INFO::The player won!
2017-01-24 19:20:40 INFO::Winning Door: 3
2017-01-24 19:20:40 INFO::Selected Door: 2
2017-01-24 19:20:40 INFO::Opened doors: 1
2017-01-24 19:20:40 INFO::The player lost.
2017-01-24 19:20:40 INFO::Winning Door: 3
2017-01-24 19:20:40 INFO::Selected Door: 2
2017-01-24 19:20:40 INFO::Opened doors: 1
2017-01-24 19:20:40 INFO::The player lost.
2017-01-24 19:20:40 INFO::Winning Door: 1
2017-01-24 19:20:40 INFO::Selected Door: 3
2017-01-24 19:20:40 INFO::Opened doors: 2
2017-01-24 19:20:40 INFO::The player lost.
2017-01-24 19:20:40 INFO::Winning Door: 2
2017-01-24 19:20:40 INFO::Selected Door: 2
2017-01-24 19:20:40 INFO::Opened doors: 3
2017-01-24 19:20:40 INFO::The player won!
2017-01-24 19:20:40 INFO::Winning Door: 2
2017-01-24 19:20:40 INFO::Selected Door: 1
2017-01-24 19:20:40 INFO::Opened doors: 3
2017-01-24 19:20:40 INFO::The player lost.
2017-01-24 19:20:40 INFO::Winning Door: 1
2017-01-24 19:20:40 INFO::Selected Door: 3
2017-01-24 19:20:40 INFO::Opened doors: 2
2017-01-24 19:20:40 INFO::The player lost.
2017-01-24 19:20:40 INFO::Winning Door: 2
2017-01-24 19:20:40 INFO::Selected Door: 1
2017-01-24 19:20:40 INFO::Opened doors: 3
2017-01-24 19:20:40 INFO::The player lost.
2017-01-24 19:20:40 INFO::Winning Door: 3
2017-01-24 19:20:40 INFO::Selected Door: 2
2017-01-24 19:20:40 INFO::Opened doors: 1
2017-01-24 19:20:40 INFO::The player lost.
2017-01-24 19:20:40 INFO::Winning Door: 1
2017-01-24 19:20:40 INFO::Selected Door: 2
2017-01-24 19:20:40 INFO::Opened doors: 3
2017-01-24 19:20:40 INFO::The player lost.
2017-01-24 19:20:40 INFO::Winning Door: 3
2017-01-24 19:20:40 INFO::Selected Door: 3
2017-01-24 19:20:40 INFO::Opened doors: 1
2017-01-24 19:20:40 INFO::The player won!
2017-01-24 19:20:40 INFO::Winning Door: 1
2017-01-24 19:20:40 INFO::Selected Door: 3
2017-01-24 19:20:40 INFO::Opened doors: 2
2017-01-24 19:20:40 INFO::The player lost.
2017-01-24 19:20:40 INFO::Winning Door: 1
2017-01-24 19:20:40 INFO::Selected Door: 3
2017-01-24 19:20:40 INFO::Opened doors: 2
2017-01-24 19:20:40 INFO::The player lost.
2017-01-24 19:20:40 INFO::Winning Door: 2
2017-01-24 19:20:40 INFO::Selected Door: 2
2017-01-24 19:20:40 INFO::Opened doors: 3
2017-01-24 19:20:40 INFO::The player won!
2017-01-24 19:20:40 INFO::Winning Door: 2
2017-01-24 19:20:40 INFO::Selected Door: 3
2017-01-24 19:20:40 INFO::Opened doors: 1
2017-01-24 19:20:40 INFO::The player lost.
2017-01-24 19:20:40 INFO::Winning Door: 1
2017-01-24 19:20:40 INFO::Selected Door: 3
2017-01-24 19:20:40 INFO::Opened doors: 2
2017-01-24 19:20:40 INFO::The player lost.
2017-01-24 19:20:40 INFO::Winning Door: 1
2017-01-24 19:20:40 INFO::Selected Door: 1
2017-01-24 19:20:40 INFO::Opened doors: 3
2017-01-24 19:20:40 INFO::The player won!
2017-01-24 19:20:40 INFO::Winning Door: 1
2017-01-24 19:20:40 INFO::Selected Door: 3
2017-01-24 19:20:40 INFO::Opened doors: 2
2017-01-24 19:20:40 INFO::The player lost.
2017-01-24 19:20:40 INFO::Winning Door: 1
2017-01-24 19:20:40 INFO::Selected Door: 2
2017-01-24 19:20:40 INFO::Opened doors: 3
2017-01-24 19:20:40 INFO::The player lost.
2017-01-24 19:20:40 INFO::Winning Door: 2
2017-01-24 19:20:40 INFO::Selected Door: 3
2017-01-24 19:20:40 INFO::Opened doors: 1
2017-01-24 19:20:40 INFO::The player lost.
2017-01-24 19:20:40 INFO::Winning Door: 2
2017-01-24 19:20:40 INFO::Selected Door: 1
2017-01-24 19:20:40 INFO::Opened doors: 3
2017-01-24 19:20:40 INFO::The player lost.
2017-01-24 19:20:40 INFO::Winning Door: 3
2017-01-24 19:20:40 INFO::Selected Door: 1
2017-01-24 19:20:40 INFO::Opened doors: 2
2017-01-24 19:20:40 INFO::The player lost.
2017-01-24 19:20:40 INFO::Winning Door: 3
2017-01-24 19:20:40 INFO::Selected Door: 1
2017-01-24 19:20:40 INFO::Opened doors: 2
2017-01-24 19:20:40 INFO::The player lost.
2017-01-24 19:20:40 INFO::Winning Door: 1
2017-01-24 19:20:40 INFO::Selected Door: 3
2017-01-24 19:20:40 INFO::Opened doors: 2
2017-01-24 19:20:40 INFO::The player lost.
2017-01-24 19:20:40 INFO::Winning Door: 1
2017-01-24 19:20:40 INFO::Selected Door: 3
2017-01-24 19:20:40 INFO::Opened doors: 2
2017-01-24 19:20:40 INFO::The player lost.
2017-01-24 19:20:40 INFO::Winning Door: 1
2017-01-24 19:20:40 INFO::Selected Door: 2
2017-01-24 19:20:40 INFO::Opened doors: 3
2017-01-24 19:20:40 INFO::The player lost.
2017-01-24 19:20:40 INFO::Winning Door: 3
2017-01-24 19:20:40 INFO::Selected Door: 3
2017-01-24 19:20:40 INFO::Opened doors: 1
2017-01-24 19:20:40 INFO::The player won!
2017-01-24 19:20:40 INFO::Winning Door: 3
2017-01-24 19:20:40 INFO::Selected Door: 2
2017-01-24 19:20:40 INFO::Opened doors: 1
2017-01-24 19:20:40 INFO::The player lost.
2017-01-24 19:20:40 INFO::Winning Door: 2
2017-01-24 19:20:40 INFO::Selected Door: 3
2017-01-24 19:20:40 INFO::Opened doors: 1
2017-01-24 19:20:40 INFO::The player lost.
2017-01-24 19:20:40 INFO::Winning Door: 3
2017-01-24 19:20:40 INFO::Selected Door: 3
2017-01-24 19:20:40 INFO::Opened doors: 1
2017-01-24 19:20:40 INFO::The player won!
2017-01-24 19:20:40 INFO::Winning Door: 2
2017-01-24 19:20:40 INFO::Selected Door: 1
2017-01-24 19:20:40 INFO::Opened doors: 3
2017-01-24 19:20:40 INFO::The player lost.
2017-01-24 19:20:40 INFO::Winning Door: 1
2017-01-24 19:20:40 INFO::Selected Door: 1
2017-01-24 19:20:40 INFO::Opened doors: 2
2017-01-24 19:20:40 INFO::The player won!
2017-01-24 19:20:40 INFO::Winning Door: 2
2017-01-24 19:20:40 INFO::Selected Door: 1
2017-01-24 19:20:40 INFO::Opened doors: 3
2017-01-24 19:20:40 INFO::The player lost.
2017-01-24 19:20:40 INFO::Winning Door: 1
2017-01-24 19:20:40 INFO::Selected Door: 1
2017-01-24 19:20:40 INFO::Opened doors: 3
2017-01-24 19:20:40 INFO::The player won!
2017-01-24 19:20:40 INFO::Winning Door: 1
2017-01-24 19:20:40 INFO::Selected Door: 3
2017-01-24 19:20:40 INFO::Opened doors: 2
2017-01-24 19:20:40 INFO::The player lost.
2017-01-24 19:20:40 INFO::Winning Door: 2
2017-01-24 19:20:40 INFO::Selected Door: 3
2017-01-24 19:20:40 INFO::Opened doors: 1
2017-01-24 19:20:40 INFO::The player lost.
2017-01-24 19:20:40 INFO::Winning Door: 2
2017-01-24 19:20:40 INFO::Selected Door: 3
2017-01-24 19:20:40 INFO::Opened doors: 1
2017-01-24 19:20:40 INFO::The player lost.
2017-01-24 19:20:40 INFO::Winning Door: 3
2017-01-24 19:20:40 INFO::Selected Door: 2
2017-01-24 19:20:40 INFO::Opened doors: 1
2017-01-24 19:20:40 INFO::The player lost.
2017-01-24 19:20:40 INFO::Winning Door: 1
2017-01-24 19:20:40 INFO::Selected Door: 3
2017-01-24 19:20:40 INFO::Opened doors: 2
2017-01-24 19:20:40 INFO::The player lost.
2017-01-24 19:20:40 INFO::Winning Door: 1
2017-01-24 19:20:40 INFO::Selected Door: 1
2017-01-24 19:20:40 INFO::Opened doors: 3
2017-01-24 19:20:40 INFO::The player won!
2017-01-24 19:20:40 INFO::Winning Door: 2
2017-01-24 19:20:40 INFO::Selected Door: 3
2017-01-24 19:20:40 INFO::Opened doors: 1
2017-01-24 19:20:40 INFO::The player lost.
2017-01-24 19:20:40 INFO::Winning Door: 2
2017-01-24 19:20:40 INFO::Selected Door: 1
2017-01-24 19:20:40 INFO::Opened doors: 3
2017-01-24 19:20:40 INFO::The player lost.
2017-01-24 19:20:40 INFO::Winning Door: 1
2017-01-24 19:20:40 INFO::Selected Door: 1
2017-01-24 19:20:40 INFO::Opened doors: 2
2017-01-24 19:20:40 INFO::The player won!
2017-01-24 19:20:40 INFO::Winning Door: 3
2017-01-24 19:20:40 INFO::Selected Door: 3
2017-01-24 19:20:40 INFO::Opened doors: 2
2017-01-24 19:20:40 INFO::The player won!
2017-01-24 19:20:40 INFO::Winning Door: 3
2017-01-24 19:20:40 INFO::Selected Door: 1
2017-01-24 19:20:40 INFO::Opened doors: 2
2017-01-24 19:20:40 INFO::The player lost.
2017-01-24 19:20:40 INFO::Winning Door: 3
2017-01-24 19:20:40 INFO::Selected Door: 2
2017-01-24 19:20:40 INFO::Opened doors: 1
2017-01-24 19:20:40 INFO::The player lost.
2017-01-24 19:20:40 INFO::Winning Door: 3
2017-01-24 19:20:40 INFO::Selected Door: 2
2017-01-24 19:20:40 INFO::Opened doors: 1
2017-01-24 19:20:40 INFO::The player lost.
2017-01-24 19:20:40 INFO::Winning Door: 1
2017-01-24 19:20:40 INFO::Selected Door: 1
2017-01-24 19:20:40 INFO::Opened doors: 2
2017-01-24 19:20:40 INFO::The player won!
2017-01-24 19:20:40 INFO::Winning Door: 3
2017-01-24 19:20:40 INFO::Selected Door: 1
2017-01-24 19:20:40 INFO::Opened doors: 2
2017-01-24 19:20:40 INFO::The player lost.
2017-01-24 19:20:40 INFO::Winning Door: 1
2017-01-24 19:20:40 INFO::Selected Door: 1
2017-01-24 19:20:40 INFO::Opened doors: 3
2017-01-24 19:20:40 INFO::The player won!
2017-01-24 19:20:40 INFO::Winning Door: 2
2017-01-24 19:20:40 INFO::Selected Door: 3
2017-01-24 19:20:40 INFO::Opened doors: 1
2017-01-24 19:20:40 INFO::The player lost.
2017-01-24 19:20:40 INFO::Winning Door: 1
2017-01-24 19:20:40 INFO::Selected Door: 2
2017-01-24 19:20:40 INFO::Opened doors: 3
2017-01-24 19:20:40 INFO::The player lost.
2017-01-24 19:20:40 INFO::Winning Door: 1
2017-01-24 19:20:40 INFO::Selected Door: 1
2017-01-24 19:20:40 INFO::Opened doors: 2
2017-01-24 19:20:40 INFO::The player won!
2017-01-24 19:20:40 INFO::Winning Door: 2
2017-01-24 19:20:40 INFO::Selected Door: 1
2017-01-24 19:20:40 INFO::Opened doors: 3
2017-01-24 19:20:40 INFO::The player lost.
2017-01-24 19:20:40 INFO::Winning Door: 1
2017-01-24 19:20:40 INFO::Selected Door: 2
2017-01-24 19:20:40 INFO::Opened doors: 3
2017-01-24 19:20:40 INFO::The player lost.
2017-01-24 19:20:40 INFO::Winning Door: 2
2017-01-24 19:20:40 INFO::Selected Door: 3
2017-01-24 19:20:40 INFO::Opened doors: 1
2017-01-24 19:20:40 INFO::The player lost.
2017-01-24 19:20:40 INFO::Winning Door: 2
2017-01-24 19:20:40 INFO::Selected Door: 2
2017-01-24 19:20:40 INFO::Opened doors: 1
2017-01-24 19:20:40 INFO::The player won!
2017-01-24 19:20:40 INFO::Winning Door: 1
2017-01-24 19:20:40 INFO::Selected Door: 1
2017-01-24 19:20:40 INFO::Opened doors: 2
2017-01-24 19:20:40 INFO::The player won!
2017-01-24 19:20:40 INFO::Winning Door: 1
2017-01-24 19:20:40 INFO::Selected Door: 1
2017-01-24 19:20:40 INFO::Opened doors: 3
2017-01-24 19:20:40 INFO::The player won!
2017-01-24 19:20:40 INFO::Winning Door: 1
2017-01-24 19:20:40 INFO::Selected Door: 3
2017-01-24 19:20:40 INFO::Opened doors: 2
2017-01-24 19:20:40 INFO::The player lost.
2017-01-24 19:20:40 INFO::Winning Door: 3
2017-01-24 19:20:40 INFO::Selected Door: 2
2017-01-24 19:20:40 INFO::Opened doors: 1
2017-01-24 19:20:40 INFO::The player lost.
2017-01-24 19:20:40 INFO::Winning Door: 2
2017-01-24 19:20:40 INFO::Selected Door: 1
2017-01-24 19:20:40 INFO::Opened doors: 3
2017-01-24 19:20:40 INFO::The player lost.
2017-01-24 19:20:40 INFO::Winning Door: 2
2017-01-24 19:20:40 INFO::Selected Door: 2
2017-01-24 19:20:40 INFO::Opened doors: 3
2017-01-24 19:20:40 INFO::The player won!
2017-01-24 19:20:40 INFO::Winning Door: 3
2017-01-24 19:20:40 INFO::Selected Door: 1
2017-01-24 19:20:40 INFO::Opened doors: 2
2017-01-24 19:20:40 INFO::The player lost.
2017-01-24 19:20:40 INFO::Winning Door: 3
2017-01-24 19:20:40 INFO::Selected Door: 1
2017-01-24 19:20:40 INFO::Opened doors: 2
2017-01-24 19:20:40 INFO::The player lost.
2017-01-24 19:20:40 INFO::Winning Door: 3
2017-01-24 19:20:40 INFO::Selected Door: 1
2017-01-24 19:20:40 INFO::Opened doors: 2
2017-01-24 19:20:40 INFO::The player lost.
2017-01-24 19:20:40 INFO::Winning Door: 3
2017-01-24 19:20:40 INFO::Selected Door: 1
2017-01-24 19:20:40 INFO::Opened doors: 2
2017-01-24 19:20:40 INFO::The player lost.
2017-01-24 19:20:40 INFO::Winning Door: 3
2017-01-24 19:20:40 INFO::Selected Door: 3
2017-01-24 19:20:40 INFO::Opened doors: 1
2017-01-24 19:20:40 INFO::The player won!
2017-01-24 19:20:40 INFO::Winning Door: 1
2017-01-24 19:20:40 INFO::Selected Door: 3
2017-01-24 19:20:40 INFO::Opened doors: 2
2017-01-24 19:20:40 INFO::The player lost.
2017-01-24 19:20:40 INFO::Winning Door: 1
2017-01-24 19:20:40 INFO::Selected Door: 3
2017-01-24 19:20:40 INFO::Opened doors: 2
2017-01-24 19:20:40 INFO::The player lost.
2017-01-24 19:20:40 INFO::Winning Door: 2
2017-01-24 19:20:40 INFO::Selected Door: 2
2017-01-24 19:20:40 INFO::Opened doors: 1
2017-01-24 19:20:40 INFO::The player won!
2017-01-24 19:20:40 INFO::Winning Door: 3
2017-01-24 19:20:40 INFO::Selected Door: 1
2017-01-24 19:20:40 INFO::Opened doors: 2
2017-01-24 19:20:40 INFO::The player lost.
2017-01-24 19:20:40 INFO::Winning Door: 2
2017-01-24 19:20:40 INFO::Selected Door: 3
2017-01-24 19:20:40 INFO::Opened doors: 1
2017-01-24 19:20:40 INFO::The player lost.
2017-01-24 19:20:40 INFO::Winning Door: 2
2017-01-24 19:20:40 INFO::Selected Door: 3
2017-01-24 19:20:40 INFO::Opened doors: 1
2017-01-24 19:20:40 INFO::The player lost.
2017-01-24 19:20:40 INFO::Winning Door: 3
2017-01-24 19:20:40 INFO::Selected Door: 1
2017-01-24 19:20:40 INFO::Opened doors: 2
2017-01-24 19:20:40 INFO::The player lost.
2017-01-24 19:20:40 INFO::Winning Door: 1
2017-01-24 19:20:40 INFO::Selected Door: 2
2017-01-24 19:20:40 INFO::Opened doors: 3
2017-01-24 19:20:40 INFO::The player lost.
2017-01-24 19:20:40 INFO::Winning Door: 2
2017-01-24 19:20:40 INFO::Selected Door: 1
2017-01-24 19:20:40 INFO::Opened doors: 3
2017-01-24 19:20:40 INFO::The player lost.
2017-01-24 19:20:40 INFO::Winning Door: 1
2017-01-24 19:20:40 INFO::Selected Door: 3
2017-01-24 19:20:40 INFO::Opened doors: 2
2017-01-24 19:20:40 INFO::The player lost.
2017-01-24 19:20:40 INFO::Winning Door: 1
2017-01-24 19:20:40 INFO::Selected Door: 2
2017-01-24 19:20:40 INFO::Opened doors: 3
2017-01-24 19:20:40 INFO::The player lost.
2017-01-24 19:20:40 INFO::Winning Door: 3
2017-01-24 19:20:40 INFO::Selected Door: 3
2017-01-24 19:20:40 INFO::Opened doors: 1
2017-01-24 19:20:40 INFO::The player won!
2017-01-24 19:20:40 INFO::Winning Door: 1
2017-01-24 19:20:40 INFO::Selected Door: 2
2017-01-24 19:20:40 INFO::Opened doors: 3
2017-01-24 19:20:40 INFO::The player lost.
2017-01-24 19:20:40 INFO::Winning Door: 2
2017-01-24 19:20:40 INFO::Selected Door: 1
2017-01-24 19:20:40 INFO::Opened doors: 3
2017-01-24 19:20:40 INFO::The player lost.
2017-01-24 19:20:40 INFO::Winning Door: 3
2017-01-24 19:20:40 INFO::Selected Door: 3
2017-01-24 19:20:40 INFO::Opened doors: 1
2017-01-24 19:20:40 INFO::The player won!
2017-01-24 19:20:40 INFO::Winning Door: 3
2017-01-24 19:20:40 INFO::Selected Door: 2
2017-01-24 19:20:40 INFO::Opened doors: 1
2017-01-24 19:20:40 INFO::The player lost.
2017-01-24 19:20:40 INFO::Winning Door: 2
2017-01-24 19:20:40 INFO::Selected Door: 2
2017-01-24 19:20:40 INFO::Opened doors: 1
2017-01-24 19:20:40 INFO::The player won!
2017-01-24 19:20:40 INFO::Winning Door: 1
2017-01-24 19:20:40 INFO::Selected Door: 2
2017-01-24 19:20:40 INFO::Opened doors: 3
2017-01-24 19:20:40 INFO::The player lost.
2017-01-24 19:20:40 INFO::Winning Door: 2
2017-01-24 19:20:40 INFO::Selected Door: 2
2017-01-24 19:20:40 INFO::Opened doors: 3
2017-01-24 19:20:40 INFO::The player won!
2017-01-24 19:20:40 INFO::Winning Door: 1
2017-01-24 19:20:40 INFO::Selected Door: 3
2017-01-24 19:20:40 INFO::Opened doors: 2
2017-01-24 19:20:40 INFO::The player lost.
2017-01-24 19:20:40 INFO::Winning Door: 1
2017-01-24 19:20:40 INFO::Selected Door: 2
2017-01-24 19:20:40 INFO::Opened doors: 3
2017-01-24 19:20:40 INFO::The player lost.
2017-01-24 19:20:40 INFO::Winning Door: 1
2017-01-24 19:20:40 INFO::Selected Door: 3
2017-01-24 19:20:40 INFO::Opened doors: 2
2017-01-24 19:20:40 INFO::The player lost.
2017-01-24 19:20:40 INFO::Winning Door: 3
2017-01-24 19:20:40 INFO::Selected Door: 2
2017-01-24 19:20:40 INFO::Opened doors: 1
2017-01-24 19:20:40 INFO::The player lost.
2017-01-24 19:20:40 INFO::Winning Door: 3
2017-01-24 19:20:40 INFO::Selected Door: 3
2017-01-24 19:20:40 INFO::Opened doors: 2
2017-01-24 19:20:40 INFO::The player won!
2017-01-24 19:20:40 INFO::Winning Door: 3
2017-01-24 19:20:40 INFO::Selected Door: 3
2017-01-24 19:20:40 INFO::Opened doors: 1
